-------(0.99999, 0.0001, 1, 0)------
il: [1660.7028967  1654.74862525 5440.12227299  701.69297956 1405.8250766
 4443.2395573  3471.06178618 1023.46932842 1138.27027137  621.73178429
 4755.89652281 3927.81961481 1381.46034076 2542.84144922 2188.906838
 1334.61723327 1029.34526782 1569.06871405 2477.66181057 4775.72295322
 2468.15544733 4497.75598417 4169.01697716 1541.68946113 2750.45359263
 1798.07396061 4620.44811301 3119.60394045 1158.56423411  572.25807998]
ppo: [19.15274425  9.62180327 12.80268567 16.21094639 15.42844231 15.82745875
 18.69616735 15.38445107 17.45138032 17.87731663 12.03517183 12.74108258
 11.55234883 17.22532442 12.72259205 13.71303482 15.77911151 12.44282812
 19.21286533 14.46182914 16.66371947  9.91848783 16.69618378 13.6250022
 16.4918411  11.17090489 12.47755889 12.83132614 15.91336867 13.01259285]
-------(0.99999, 0.0001, 8, 1)------
il: [ 3950.98122761 10677.47838068   822.30556378  8185.1020254
  2439.30856937 10687.08630382  1226.83262274  1587.24380951
  1217.79493502  5838.7326939   1348.08257769  1248.64794896
  8295.43533917  1479.16183987   694.3980606   1470.41683692
  6519.86674412  5544.44313698   819.82851557  1406.40464716
  4967.09456523  8936.00130338 10701.79797132 10654.9097429
  4730.11800984  2045.55349768  6187.4985465    883.87473024
  1939.22576317  8063.98054252]
ppo: [-277.9682841  -286.7905126  -301.86088208 -286.07974398 -269.73783666
 -273.23521226 -268.03953816 -280.76547955 -278.45574442 -268.49647532
 -278.7318274  -270.16021003 -284.08772722 -276.95591671 -274.50087154
 -282.03620408 -296.02808164 -283.80888735 -290.31310679 -275.8871802
 -278.2572258  -288.45274505 -273.13406441 -279.48834922 -272.28856033
 -285.95501327 -284.07707137 -284.25356862 -264.00073308 -274.44242742]
-------(0.99999, 0.0001, 64, 2)------
il: [10674.16588558  1126.11371976  6163.40031286  6252.51229408
  2722.00089081  4182.14069885  1818.67593182  1697.89979831
  2077.49307584  2883.75050451  8982.71294435  4467.90938084
  1123.25425731 10756.16041705  7573.22430308  3289.02790401
  7604.17412852  1180.07485769  9727.50382402 10356.11958195
 10695.21971741  3719.84184701   863.12659052  3971.31276816
  6959.74101163  6424.26763622  1245.73634381  4150.39345915
  5395.02793958  1548.61461219]
ppo: [ 96.3732672  114.56032072 125.72798273 144.27104183 134.12584411
 116.39835225 158.49114553 143.65873999 155.10059813 148.0479965
 130.72145602 156.0803436  131.84147623 140.69082116 107.62908962
 136.75563569  88.73897752 145.48872643  79.75332963 103.66695616
 164.93587096 148.1208111  156.80686343 217.07661258 163.74975316
 159.64642106 129.07221787 137.39270204 124.24917654 139.14652599]
-------(0.99999, 1e-05, 1, 3)------
il: [ 2787.62633485  4820.67914047  5320.89867872  8294.19285884
  3227.20490091 10695.81232538  5733.54411463  7293.23231764
  4529.66761897  9413.22512408   972.02587452 10758.41756156
 10701.68111737  2147.2770283  10660.28549017  5573.35805379
  7580.62596895  5635.87699959   677.87365868  3954.2306718
  9266.4397011   5582.85502036  2666.50237416  5722.56404392
  1498.74432266  1329.3495266   5819.14470438  8444.59729948
  6918.90482189  5064.85835594]
ppo: [-104.963406   -104.59484965 -103.39027046 -105.29856809 -104.24366986
 -104.98870343 -104.92041489 -104.56734759 -105.27087217 -104.03878425
  -98.77778372 -104.52951782  -98.1234714  -104.9082541  -104.37985978
 -104.02281162 -104.4598631  -104.59184512 -104.90391893 -104.94728251
 -105.26181622 -104.58543098 -104.65907711 -104.52376675 -104.66582864
 -104.21022858  -98.97897558 -104.26687807 -104.76480463 -104.35905955]
-------(0.99999, 1e-05, 8, 4)------
il: [6564.0471584  7185.30004428 1160.35743416 5941.74543315 7023.49334874
 5659.16592706 2755.70104581 4462.99131231  826.21561753 2171.20062498
 1856.88994599 1498.29457238 4461.72476276 1698.52723276 1356.03312111
 4624.09172979 5364.18849013 1166.33337384  453.96658937 9823.32264716
 2293.37285796 6785.84612707  792.40395167 5395.08152178 4120.47117326
  673.43109146 1092.01120001 8313.76962292 4805.7650315  3090.74630026]
ppo: [-50.57625333 -51.71651351 -47.48711956 -51.10390004 -51.16683451
 -47.75975671 -47.62468094 -47.64592686 -50.56177922 -47.56767149
 -47.95142008 -50.96624359 -47.32627342 -47.31969506 -50.88731755
 -51.25356806 -51.10604859 -50.95054598 -50.64510582 -51.30707731
 -50.6698892  -47.39836769 -50.47117233 -51.36803067 -51.09380477
 -51.62632746 -47.69346876 -47.58585626 -51.36265063 -51.06326886]
-------(0.99999, 1e-05, 64, 5)------
il: [6355.76093036 6195.73304355 6950.22450676 6491.34496907 1366.48828827
 5073.24433616  944.49730191 2305.98767587 5648.36657646 6739.36695835
  813.24293785 5124.65130097 5348.92397237 4356.17376324 7280.91854628
  590.02480942 6278.657885   6170.30662833 1761.10465997 4830.11280295
 4436.36497975 6137.26128004 1993.20242382 6407.56669622 4563.75798209
 1360.50522386 6202.34390622 4851.73923844 1420.16180702 1831.99699514]
ppo: [ -99.23246406  -98.63254384  -93.38724772  -96.96425531  -97.59780886
  -96.65462759  -92.6746227   -92.11155602  -96.70208764  -92.63215353
  -91.69802355  -97.90690748  -93.10763544  -95.51329805  -97.129927
  -97.6830952  -100.93872652  -96.7716166   -99.02668416  -96.92160937
  -99.14518947  -92.98696869 -101.32604159  -97.04640247  -97.86822562
  -98.13280911  -97.0739614   -92.2438452   -99.34682743  -97.26709799]
-------(0.99999, 1e-06, 1, 6)------
il: [10582.26047503  2331.06998664  7752.58006973   632.0860032
  5064.18916245 10696.00648853  9929.77646306 10720.18781054
  7845.33181006  1097.31825433  6164.03032896 10647.96658442
  1562.83909448  7976.1942822  10700.876652   10663.5441
 10740.85905806  5446.74770643  6690.07265589  2642.69081974
 10742.85678572   746.82921973  5670.91947484  9079.71435734
 10714.17306139  6103.54683876   991.25051269  7943.29576956
  6701.91102587  3738.00535219]
ppo: [-101.93812775 -102.53564713 -101.06104839 -102.16795935 -102.53407647
 -102.73228986 -102.76779536 -102.44644281 -102.01247512 -102.64773837
 -102.65629753 -102.52569725 -102.10536757 -102.18549261 -102.20804108
 -102.02272462 -101.7869467  -102.3215639  -101.84862297 -102.27973646
 -101.94903837 -102.29856186 -101.86749411 -102.50193209 -102.28835018
 -102.45271521 -102.29690607 -102.26645172 -102.78768753 -102.67936694]
-------(0.99999, 1e-06, 8, 7)------
il: [10662.23929753   730.48340265  4781.61383429   905.13195439
  1434.08718761 10571.42628526  1515.6605875   1306.49491125
  1263.65139212  7560.69167606  7061.94091578  1196.42127716
  4223.13031448  4858.14190056  5209.53943123   547.38124719
  4899.93332436  4530.7761402   5357.33007341   790.73760978
  7359.70198721   545.03833108  5167.65298796  7252.44928343
   857.24913086   813.48762411  3082.91540219  1320.89831474
  6250.19571213   684.98767133]
ppo: [-129.09369357 -132.61198198 -136.74901821 -126.66734679 -126.15425979
 -131.93644998 -130.97809518 -129.91576715 -127.6541381  -131.33121144
 -132.50179815 -124.32251442 -135.93265846 -131.79583902 -126.16016988
 -125.63391146 -129.89851265 -127.92093685 -130.00291032 -125.92076253
 -127.23960028 -133.84797673 -126.4480775  -128.18114207 -122.24860329
 -134.09255909 -135.50643042 -132.74785878 -132.02072431 -124.38160166]
-------(0.99999, 1e-06, 64, 8)------
il: [1508.7401909  4333.75152319 1518.69840522 4974.88894089 3664.99238278
 5456.62287975 2632.17697502 1452.03392488  624.39005489 5034.52852033
 1224.07469205  673.91626837 5566.23765017  633.70159107 4560.61361952
 1982.2694658   575.10893986 1082.43571012 5307.37776699 4224.72853155
 5782.55801252 4066.87481248 1698.55559956 5136.69480922 1223.16244202
 1242.97841111 5195.56413803 4095.01067532 3370.67532215 4834.68469016]
ppo: [5.51359221 4.91009432 5.07060228 5.32220229 4.37394579 4.18810831
 4.29097436 4.48943426 5.81438798 4.42083906 4.2940807  5.72265713
 4.095172   5.24960819 5.71866654 5.76591375 6.25237968 4.37871573
 5.38694984 5.57264251 5.55823584 4.3054831  6.58018582 5.5256849
 5.73856019 4.15640125 4.33341875 4.32395739 4.98917749 5.43939282]
-------(0.999995, 0.0001, 1, 9)------
il: [1571.85195004 2297.05318683  621.83830467 2968.42472702  780.42453698
 1134.25824274  381.84483256  997.8172701  1474.83099088  444.40296319
 3072.2531004  1384.1964701  1782.86602164 2606.56038469  457.64967106
 2525.38621224 1627.57629468 2716.07284684 1316.38006252 1465.91719255
 2739.12980417  981.831565   2486.64382399 3039.45533677 2103.45826723
 1720.58577134  578.4727139  2083.20983079  486.96218832 1871.78537647]
ppo: [-28.84190908 -29.13902385 -31.86180668 -28.95251848 -29.07722764
 -29.47834607 -29.60459385 -29.14950727 -28.77123064 -29.36686886
 -29.46355617 -28.44418981 -29.18909271 -29.15470145 -28.88269367
 -28.5971008  -28.81626525 -29.00418778 -28.75743291 -28.85135675
 -28.76732005 -29.02532667 -28.67888528 -29.12060927 -28.81203407
 -29.12604089 -29.22585237 -32.2270871  -29.0101888  -28.67791511]
-------(0.999995, 0.0001, 8, 10)------
il: [ 939.84499064 7774.70199413 4944.06771441 7318.73667375 1103.39733582
 4302.38756285 5503.77550139 2586.83979609 2197.42810304  744.8123067
 2260.50127995 6855.26575405 1345.40386524 3847.126369   5637.6715845
 4942.7544186   712.2412424  6390.45922462 8256.06075806  795.47397868
 4476.96051357 5371.02536988 1303.96317027 7091.52055756 2552.23955672
 4335.13809142  599.12335201 1675.03790776 5036.10855929 1958.49308015]
ppo: [-320.96467486 -331.0607714  -342.30394921 -321.22764155 -309.6064695
 -311.77536991 -301.30806342 -317.36788791 -315.15850962 -313.95642174
 -315.33960531 -335.5834271  -327.94356653 -309.9472513  -318.83083202
 -319.88994322 -333.38536455 -316.62251095 -336.81837933 -328.54922651
 -323.99413858 -324.90022517 -319.61571751 -322.19056284 -337.06508856
 -322.82962491 -324.14228637 -318.99414829 -321.51539082 -332.55456856]
-------(0.999995, 0.0001, 64, 11)------
il: [ 411.20851627 2334.7637674   688.24031066 7507.20150606 6577.46003178
 5786.84772761 6164.63290379 4583.01286215 6194.51806558 6937.69069138
 6033.85715999 5463.55851308  610.45886843 3299.67327776 6326.83564168
 5158.86777603 7906.56083531 3572.76091856 4897.13218612 6121.43034063
 9714.08897539 4758.16142351 9077.05077297 6028.1148655  5649.6630202
  613.16256664 4291.71998415 1537.26271098 5148.55701777 1720.89611441]
ppo: [-134.91255043 -146.80155281 -132.09096913 -138.71398849 -150.05967154
 -148.33979538 -147.42138635 -149.44295613 -133.94949068 -149.17758263
 -147.47738736 -140.48136446 -143.81030406 -146.84399657 -138.76726301
 -137.18519554 -133.6564815  -137.92605707 -131.9680096  -139.69219153
 -134.05231888 -134.49740095 -136.56649554 -139.97205362 -141.74318383
 -139.00657495 -146.02039605 -146.32776192 -153.36546485 -142.6001534 ]
-------(0.999995, 1e-05, 1, 12)------
il: [10721.0481674   5115.8745505   2797.11838747  1968.06742988
  6875.40604028 10677.39748914  9738.11317434 10657.25540422
 10679.7587417  10685.47552064  9810.47809471 10707.55248158
  6868.10619799 10753.55264056  5971.10016678   615.66779295
 10673.36029385 10662.49133931 10667.20161114  1157.92866596
 10649.50510666  1991.0879774  10771.95780197 10679.46837581
  1757.04394215 10668.80960071  2544.72190157  8943.45260811
  8712.22901537  8712.58264388]
ppo: [-246.83070666 -246.75860428 -246.84952759 -247.02736673 -247.23805873
 -247.17284894 -247.40043141 -246.59413672 -246.16070893 -246.98788158
 -247.03605708 -246.12032351 -247.96254275 -246.79691009 -246.39856561
 -245.94307608 -247.03156681 -246.60470374 -246.69521769 -246.62669644
 -246.79142263 -247.2463905  -245.48175917 -246.52211281 -246.7343355
 -246.75916829 -247.10381001 -246.98915487 -246.39441718 -246.13412992]
-------(0.999995, 1e-05, 8, 13)------
il: [5384.40573805 5051.25122745 3465.98010226 4394.51668559 5346.26977823
 5248.03317405 1252.99786165 4477.18011441 4204.57010689 3768.82854495
 6297.40772156 1091.75974089 5587.95818566 3944.33215366 5173.74130542
 5764.30221804 2366.4364692  4169.22183959 5464.40196965 1277.00689374
 5553.66308417 4442.03531534  765.17069722 5647.57158078 1204.72473216
  945.8287492  1254.94494595 1672.7552074  4666.43053694 6641.18556463]
ppo: [-199.35921311 -206.61065793 -208.40762466 -200.95218831 -199.38110976
 -199.98412951 -201.0882963  -204.49076164 -204.35632636 -198.98573037
 -203.43452963 -206.04354973 -200.90827871 -205.41942479 -204.19655592
 -203.29312262 -206.7837922  -204.99593839 -203.85265033 -200.18963689
 -202.31832875 -202.2406582  -204.5822871  -203.28527143 -204.56785584
 -207.05359359 -200.90542018 -202.45169483 -203.57732572 -204.8088018 ]
-------(0.999995, 1e-05, 64, 14)------
il: [ 1331.23104518 10648.02201529 10642.64148431  5912.37091105
  1399.16612111 10622.29041854  9135.9424656   2295.37244859
   444.99529658  1499.15682353  8391.30184424  5407.84717772
  3383.60368222  2032.06719375  4867.42355344  9115.91457691
  8650.47756432  5108.6013294   1772.95635769  2936.79653617
 10160.91501446  4414.900489    9351.61377446  5833.48350665
  4844.11444688  6093.87303972 10618.75879294  7217.70373788
  8183.05892484  8150.11930229]
ppo: [ -72.42327013 -176.4883308  -134.77007776 -129.92205311  -98.37261351
 -115.09234249  -99.96731385 -123.82940056  -97.94962057  -69.35612788
 -105.68460405 -146.32177388 -126.52014139  -51.28491885 -103.94389124
  -41.54215355  -84.46352123 -113.09508492 -102.09682921 -115.71458647
  -76.12883448 -120.46460719  -71.87240412  -79.49734904 -121.66290854
 -149.77828056 -108.17028415 -106.30258696 -106.66378886 -105.79524486]
-------(0.999995, 1e-06, 1, 15)------
il: [10666.15842383 10668.48460135 10640.27644407  3989.76325224
 10698.17295607  8733.87645393  1022.7268009   5757.01649759
  9266.02222819  6406.01157286 10752.45112912  4219.74571978
  8988.49388219   456.32441061  4100.94787648  1527.40322942
 10668.78572856  6000.14940858 10681.54583724  5142.50695319
  3526.59930912 10648.72986609  3148.91261753  1983.78120813
   550.62859099  8062.24291057  1422.34484818  1030.88300339
  4129.86578357 10656.59507327]
ppo: [ -96.35442178  -96.88405208  -94.25049904 -100.17679635  -99.39816492
  -96.26036037 -100.4590149   -98.05905243  -96.89954493  -98.19030007
  -95.31095785  -96.83360015  -95.37373806  -98.50022217  -99.4064097
  -99.99845971  -96.37770587  -97.45970903  -94.75307866  -95.95951305
  -99.31588606  -96.03411653  -96.07810823  -99.27121785  -96.67055556
  -97.13015167  -96.26929925  -97.9882069   -99.82544493 -101.50418126]
-------(0.999995, 1e-06, 8, 16)------
il: [1170.99612424 3922.33756977 7303.30111528 1142.05096364 1332.69680564
 4886.20933699 5304.62530032 4879.94002709 4812.98814104 6763.3698642
 4108.39383111 1310.6001262  1199.2294256  4328.46939178 7034.5145454
 1372.85954795 3926.80953689 3969.16597186 1372.26430737 4424.89483153
 4599.28500218 5167.83381923 3674.5368454  7718.38350241  610.06311826
 5544.1783158  5218.07985006 1498.28214924 5706.11817103 6305.6031198 ]
ppo: [-77.21544834 -76.39311244 -76.28595907 -77.35686439 -75.45056178
 -79.44682846 -75.9631974  -76.33549017 -76.51156254 -78.4632738
 -75.88806075 -75.28868069 -76.03459257 -76.1129248  -75.94922557
 -75.48845136 -76.81880788 -76.57354193 -76.83547137 -76.06871791
 -77.12088287 -77.29388441 -76.22595701 -75.85566792 -76.16149939
 -76.18284586 -76.32685535 -76.17964248 -79.02956755 -75.73146723]
-------(0.999995, 1e-06, 64, 17)------
il: [ 6934.40058986  1120.67132942  9083.75186798  5412.73024692
   863.970579    1348.78001177  1430.11812052  1163.4677803
  6114.49023658  8053.8345304   3148.87992951  5330.96527915
 10651.38738551  5400.11749694  1365.48550768 10696.39329911
  9397.21905267  1159.58210006  5140.43579658  1703.83450003
   611.34268182  4828.52160727  1609.34745057  4804.09383552
  1565.34362173  3184.1224097   1087.76734844  8404.92201274
  1510.04202786  7666.50770124]
ppo: [ 24.63794949  93.21183846  16.53582958 106.14248551  51.86506638
  63.56537635  50.33195761  71.65943919  34.75610175  56.40319761
 100.96721847 125.04068753  64.52515191  90.13034527 122.64814904
 103.60286728  77.91490032 110.99475646  20.73194318  44.35976868
  88.25129503  90.63975263 121.87074686  95.50700354  65.41672092
  80.16537048  66.11145343  56.93722384  74.76435607  99.04296731]
-------(0.999999, 0.0001, 1, 18)------
il: [ 745.33228619 3916.10975844 1298.47530728 3068.81074566 1249.36321112
 1242.35983319  750.63459871  700.46184144 1412.45029434 1246.83194241
 1270.71192806  766.86255929 1758.51253324 5020.54256309  825.6083041
  628.30305555 2726.13698617 1835.7820632  1550.38582136 3640.98647259
 1237.01770722  698.11289657  849.59889387 1371.23257769 3545.31042735
 2921.57792868 3617.74243323  778.56935055  566.9640284  1345.44952945]
ppo: [ -99.75190721 -107.32426351  -97.84195404 -102.6024892  -103.78382361
 -107.12639894 -101.48290548 -106.67976698  -99.45021268 -108.26332636
 -105.02063701 -106.00646732 -101.10827102 -105.99632852 -102.26469355
 -101.23067733  -97.93113887  -98.63049594  -98.02567303 -103.61145425
  -98.06364676  -96.97229881 -101.26848641 -101.2163079  -106.51174592
 -103.79120915 -102.28931697 -105.01890461 -107.16558271 -104.84500455]
-------(0.999999, 0.0001, 8, 19)------
il: [ 3121.83869375  6221.20262951 10685.24197466  7070.5993263
  3108.98602947  8769.49746751 10680.11208793  1216.73493672
  1234.00366005  2738.33807646  2076.38605136  1748.93176308
  8517.61510581  7129.86471252  5248.35031075  3330.25423595
  6981.67226249  6725.74628043  5814.62834971  3662.15297109
  7361.91475346 10685.73965273  9092.32289778  2466.45008585
  7801.24984598  3694.46766515   765.45503884  9117.6877554
  4090.12378768  1943.19265558]
ppo: [-25.60030682 -28.81388052 -25.57209865 -26.0136459  -26.72023858
 -28.6006062  -26.90944614 -27.69349001 -25.33955952 -27.04276457
 -27.69787698 -29.3848955  -26.8339243  -27.60693763 -28.36301146
 -28.57617985 -28.51176936 -25.81051587 -27.05714483 -28.75383648
 -27.10682976 -26.10481674 -27.29169115 -26.22324262 -29.6310806
 -28.00335934 -27.01728365 -27.76782801 -27.57783601 -28.64882534]
