-------(0.99999, 0.0001, 1, 0)------
il: [1660.7028967  1654.74862525 5440.12227299  701.69297956 1405.8250766
 4443.2395573  3471.06178618 1023.46932842 1138.27027137  621.73178429
 4755.89652281 3927.81961481 1381.46034076 2542.84144922 2188.906838
 1334.61723327 1029.34526782 1569.06871405 2477.66181057 4775.72295322
 2468.15544733 4497.75598417 4169.01697716 1541.68946113 2750.45359263
 1798.07396061 4620.44811301 3119.60394045 1158.56423411  572.25807998]
ppo: [19.15274425  9.62180327 12.80268567 16.21094639 15.42844231 15.82745875
 18.69616735 15.38445107 17.45138032 17.87731663 12.03517183 12.74108258
 11.55234883 17.22532442 12.72259205 13.71303482 15.77911151 12.44282812
 19.21286533 14.46182914 16.66371947  9.91848783 16.69618378 13.6250022
 16.4918411  11.17090489 12.47755889 12.83132614 15.91336867 13.01259285]
-------(0.99999, 0.0001, 8, 1)------
il: [ 3950.98122761 10677.47838068   822.30556378  8185.1020254
  2439.30856937 10687.08630382  1226.83262274  1587.24380951
  1217.79493502  5838.7326939   1348.08257769  1248.64794896
  8295.43533917  1479.16183987   694.3980606   1470.41683692
  6519.86674412  5544.44313698   819.82851557  1406.40464716
  4967.09456523  8936.00130338 10701.79797132 10654.9097429
  4730.11800984  2045.55349768  6187.4985465    883.87473024
  1939.22576317  8063.98054252]
ppo: [-277.9682841  -286.7905126  -301.86088208 -286.07974398 -269.73783666
 -273.23521226 -268.03953816 -280.76547955 -278.45574442 -268.49647532
 -278.7318274  -270.16021003 -284.08772722 -276.95591671 -274.50087154
 -282.03620408 -296.02808164 -283.80888735 -290.31310679 -275.8871802
 -278.2572258  -288.45274505 -273.13406441 -279.48834922 -272.28856033
 -285.95501327 -284.07707137 -284.25356862 -264.00073308 -274.44242742]
-------(0.99999, 0.0001, 64, 2)------
il: [10674.16588558  1126.11371976  6163.40031286  6252.51229408
  2722.00089081  4182.14069885  1818.67593182  1697.89979831
  2077.49307584  2883.75050451  8982.71294435  4467.90938084
  1123.25425731 10756.16041705  7573.22430308  3289.02790401
  7604.17412852  1180.07485769  9727.50382402 10356.11958195
 10695.21971741  3719.84184701   863.12659052  3971.31276816
  6959.74101163  6424.26763622  1245.73634381  4150.39345915
  5395.02793958  1548.61461219]
ppo: [ 96.3732672  114.56032072 125.72798273 144.27104183 134.12584411
 116.39835225 158.49114553 143.65873999 155.10059813 148.0479965
 130.72145602 156.0803436  131.84147623 140.69082116 107.62908962
 136.75563569  88.73897752 145.48872643  79.75332963 103.66695616
 164.93587096 148.1208111  156.80686343 217.07661258 163.74975316
 159.64642106 129.07221787 137.39270204 124.24917654 139.14652599]
-------(0.99999, 1e-05, 1, 3)------
il: [ 2787.62633485  4820.67914047  5320.89867872  8294.19285884
  3227.20490091 10695.81232538  5733.54411463  7293.23231764
  4529.66761897  9413.22512408   972.02587452 10758.41756156
 10701.68111737  2147.2770283  10660.28549017  5573.35805379
  7580.62596895  5635.87699959   677.87365868  3954.2306718
  9266.4397011   5582.85502036  2666.50237416  5722.56404392
  1498.74432266  1329.3495266   5819.14470438  8444.59729948
  6918.90482189  5064.85835594]
ppo: [-104.963406   -104.59484965 -103.39027046 -105.29856809 -104.24366986
 -104.98870343 -104.92041489 -104.56734759 -105.27087217 -104.03878425
  -98.77778372 -104.52951782  -98.1234714  -104.9082541  -104.37985978
 -104.02281162 -104.4598631  -104.59184512 -104.90391893 -104.94728251
 -105.26181622 -104.58543098 -104.65907711 -104.52376675 -104.66582864
 -104.21022858  -98.97897558 -104.26687807 -104.76480463 -104.35905955]
-------(0.99999, 1e-05, 8, 4)------
il: [6564.0471584  7185.30004428 1160.35743416 5941.74543315 7023.49334874
 5659.16592706 2755.70104581 4462.99131231  826.21561753 2171.20062498
 1856.88994599 1498.29457238 4461.72476276 1698.52723276 1356.03312111
 4624.09172979 5364.18849013 1166.33337384  453.96658937 9823.32264716
 2293.37285796 6785.84612707  792.40395167 5395.08152178 4120.47117326
  673.43109146 1092.01120001 8313.76962292 4805.7650315  3090.74630026]
ppo: [-50.57625333 -51.71651351 -47.48711956 -51.10390004 -51.16683451
 -47.75975671 -47.62468094 -47.64592686 -50.56177922 -47.56767149
 -47.95142008 -50.96624359 -47.32627342 -47.31969506 -50.88731755
 -51.25356806 -51.10604859 -50.95054598 -50.64510582 -51.30707731
 -50.6698892  -47.39836769 -50.47117233 -51.36803067 -51.09380477
 -51.62632746 -47.69346876 -47.58585626 -51.36265063 -51.06326886]
-------(0.99999, 1e-05, 64, 5)------
il: [6355.76093036 6195.73304355 6950.22450676 6491.34496907 1366.48828827
 5073.24433616  944.49730191 2305.98767587 5648.36657646 6739.36695835
  813.24293785 5124.65130097 5348.92397237 4356.17376324 7280.91854628
  590.02480942 6278.657885   6170.30662833 1761.10465997 4830.11280295
 4436.36497975 6137.26128004 1993.20242382 6407.56669622 4563.75798209
 1360.50522386 6202.34390622 4851.73923844 1420.16180702 1831.99699514]
ppo: [ -99.23246406  -98.63254384  -93.38724772  -96.96425531  -97.59780886
  -96.65462759  -92.6746227   -92.11155602  -96.70208764  -92.63215353
  -91.69802355  -97.90690748  -93.10763544  -95.51329805  -97.129927
  -97.6830952  -100.93872652  -96.7716166   -99.02668416  -96.92160937
  -99.14518947  -92.98696869 -101.32604159  -97.04640247  -97.86822562
  -98.13280911  -97.0739614   -92.2438452   -99.34682743  -97.26709799]
-------(0.99999, 1e-06, 1, 6)------
il: [10582.26047503  2331.06998664  7752.58006973   632.0860032
  5064.18916245 10696.00648853  9929.77646306 10720.18781054
  7845.33181006  1097.31825433  6164.03032896 10647.96658442
  1562.83909448  7976.1942822  10700.876652   10663.5441
 10740.85905806  5446.74770643  6690.07265589  2642.69081974
 10742.85678572   746.82921973  5670.91947484  9079.71435734
 10714.17306139  6103.54683876   991.25051269  7943.29576956
  6701.91102587  3738.00535219]
ppo: [-101.93812775 -102.53564713 -101.06104839 -102.16795935 -102.53407647
 -102.73228986 -102.76779536 -102.44644281 -102.01247512 -102.64773837
 -102.65629753 -102.52569725 -102.10536757 -102.18549261 -102.20804108
 -102.02272462 -101.7869467  -102.3215639  -101.84862297 -102.27973646
 -101.94903837 -102.29856186 -101.86749411 -102.50193209 -102.28835018
 -102.45271521 -102.29690607 -102.26645172 -102.78768753 -102.67936694]
-------(0.99999, 1e-06, 8, 7)------
il: [10662.23929753   730.48340265  4781.61383429   905.13195439
  1434.08718761 10571.42628526  1515.6605875   1306.49491125
  1263.65139212  7560.69167606  7061.94091578  1196.42127716
  4223.13031448  4858.14190056  5209.53943123   547.38124719
  4899.93332436  4530.7761402   5357.33007341   790.73760978
  7359.70198721   545.03833108  5167.65298796  7252.44928343
   857.24913086   813.48762411  3082.91540219  1320.89831474
  6250.19571213   684.98767133]
ppo: [-129.09369357 -132.61198198 -136.74901821 -126.66734679 -126.15425979
 -131.93644998 -130.97809518 -129.91576715 -127.6541381  -131.33121144
 -132.50179815 -124.32251442 -135.93265846 -131.79583902 -126.16016988
 -125.63391146 -129.89851265 -127.92093685 -130.00291032 -125.92076253
 -127.23960028 -133.84797673 -126.4480775  -128.18114207 -122.24860329
 -134.09255909 -135.50643042 -132.74785878 -132.02072431 -124.38160166]
-------(0.99999, 1e-06, 64, 8)------
il: [1508.7401909  4333.75152319 1518.69840522 4974.88894089 3664.99238278
 5456.62287975 2632.17697502 1452.03392488  624.39005489 5034.52852033
 1224.07469205  673.91626837 5566.23765017  633.70159107 4560.61361952
 1982.2694658   575.10893986 1082.43571012 5307.37776699 4224.72853155
 5782.55801252 4066.87481248 1698.55559956 5136.69480922 1223.16244202
 1242.97841111 5195.56413803 4095.01067532 3370.67532215 4834.68469016]
ppo: [5.51359221 4.91009432 5.07060228 5.32220229 4.37394579 4.18810831
 4.29097436 4.48943426 5.81438798 4.42083906 4.2940807  5.72265713
 4.095172   5.24960819 5.71866654 5.76591375 6.25237968 4.37871573
 5.38694984 5.57264251 5.55823584 4.3054831  6.58018582 5.5256849
 5.73856019 4.15640125 4.33341875 4.32395739 4.98917749 5.43939282]
-------(0.999995, 0.0001, 1, 9)------
